0
0
0
0
0
0
0
0
0
0
0
0
0
0
0
0
0
0
0
0
0
0
0
0
0
0
0
0
0
0
0
0
0
0
0
0
0
0
0
0
0
0
0
0
0
0
0
0
0
0
0
0
0
1
1
1
1
0
0
0
0
0
1
1
1
1
1
1
1
1
1
1
1
1
1
0
0
1
0
0
0
0
0
1
1
0
0
0
0
0
0
0
0
0
0
0
0
0
0
0
0
0
0
1
0
0
0
0
0
1
0
0
0
0
0
0
1
1
0
0
0
0
1
1
1
1
0
1
0
1
0
1
0
0
0
1
1
1
0
0
0
0
1
1
1
1
0
0
0
0
0
0
0
0
0
0
0
1
1
0
0
0
0
0
0
0
0
0
0
0
0
0
4
2
2
2
2
5
1
0
2
2
5
0
0
0
0
0
0
0
0
0
3
0
0
0
0
3
0
0
0
0
3
0
0
0
0
0
0
0
0
0
3
0
1
1
1
3
0
0
0
0
3
0
0
0
0
0
0
0
0
0
3
0
0
0
0
3
0
0
0
0
3
1
0
0
0
0
0
0
0
0
3
1
0
1
1
3
1
0
0
0
3
1
0
0
0
0
0
0
0
0
3
0
0
0
0
3
0
1
0
0
3
1
0
0
1
1
1
1
0
0
3
0
0
0
0
3
0
0
0
0
7
2
2
2
2
2
2
2
2
2
6
0
0
0
0
3
0
0
0
0
0
0
0
0
0
0
0
0
0
0
0
0
0
0
0
3
0
0
0
0
0
0
0
0
0
0
1
0
0
0
0
0
0
0
0
3
0
0
0
0
0
0
0
0
0
0
0
0
0
0
0
0
0
0
0
3
0
0
0
0
0
0
0
0
0
0
0
0
0
0
0
0
0
0
0
3
0
0
0
9
17
19
